Mixture	B cells naive	B cells memory	Plasma cells	T cells CD8	T cells CD4 naive	T cells CD4 memory resting	T cells CD4 memory activated	T cells follicular helper	T cells regulatory (Tregs)	T cells gamma delta	NK cells resting	NK cells activated	Monocytes	Macrophages M0	Macrophages M1	Macrophages M2	Dendritic cells resting	Dendritic cells activated	Mast cells resting	Mast cells activated	Eosinophils	Neutrophils
NEO11 _Patient_11_B_Rep1	0	0.009852671	0.021141532	0.100448825	0	0.237899413	0	0	0	0.001033204	0	0.03635523	0	0.057802964	0.03039983	0.310545131	0.00566204	0	0.123052033	0.054942773	0	0.010864356
NEO11 _Patient_11_S_Rep1	0.002522942	0.045201742	0.001671402	0.075020764	0	0.119461853	0.072721693	0	0	0.063367829	0.004231593	0.006089248	0	0.036607877	0.135482956	0.283047465	0.058143948	0	0.07615515	0	0	0.020273538
NEO15 _Patient_15_B_Rep1	0	0.062233766	0.035411789	0.179717727	0	0.045122483	0	0	0	0.040348251	0	0.080961603	0.008367145	0.005212527	0.074643343	0.313044495	0.015080943	0	0.08147623	0.016730962	0.001463962	0.040184774
NEO15 _Patient_15_S_Rep1	0	0.037438423	0.008148767	0.070965742	0	0.175411918	0	0	0	0.079032151	0	0.041490908	0	0	0.068950644	0.253320622	0.048047197	0	0.198743358	0	0	0.018450268
NEO16 _Patient_16_B_Rep1	0	0.011749977	0.005058175	0.170414009	0	0	0.156197254	0.013625386	0	0.160097324	0	0.107555587	0	0.04065973	0.133401007	0.161402587	0.005984839	0	0	0.020545127	0.004534072	0.008774927
NEO16 _Patient_16_S_Rep1	0	0.020168205	0.006011888	0.089426531	0	0.08063393	0	0	0	0.070256929	0	0.098488817	0	0.037571934	0.05929928	0.332802158	0.015262313	0	0.166334275	0	0	0.023743742
NEO18 _Patient_18_B_Rep1	0.005038217	0.022059823	0.002869995	0.23477842	0	0	0.064951832	0.006894369	0	0.131782996	0	0.146672696	0	0.000283079	0.095469116	0.18146823	0.016032847	0.027584415	0.047419627	0	0.000709973	0.015984366
NEO18 _Patient_18_S_Rep1	0	0.095242627	0	0.094512716	0	0.09334663	0.063916454	0	0	0.044048108	0	0.070043999	0.005062594	0.050984859	0.093529223	0.216318325	0.029318205	0	0.120197579	0	0	0.02347868
NEO19 _Patient_19_B_Rep1	0.009718619	0.017279979	0.002995987	0.147046373	0	0.255509866	0.005922848	0.01363851	0	0	0.03873803	0.011635437	0.021751574	0.010431653	0.070602371	0.122426154	0.009656567	0.017691899	0	0.208613327	0.000280614	0.036060193
NEO19 _Patient_19_S_Rep1	0	0.024174693	0.004919806	0.189185668	0	0.010660263	0.105811009	0.007340709	0	0.050181623	0	0.142924696	0.012695567	0.027549296	0.13207435	0.202555131	0.01300042	0	0	0.052189728	0	0.024737043
NEO21 _Patient_21_B_Rep1	0.001204518	0.030653703	0.026578513	0.074730824	0	0.207363308	0	0	0	0.039154432	0	0.052224481	0	0.004120548	0.074895921	0.280089563	0.015977151	0.002340473	0.152031729	0.016229192	0.004328115	0.01807753
NEO21 _Patient_21_S_Rep1	0.005485345	0.035517161	0.014477843	0.097385109	0	0.17288903	0.010773288	0	0	0.052040825	0	0.038181031	0.027675082	0.009562527	0.053828284	0.27731614	0.016069102	0.003253968	0.162598133	0.005287046	0	0.017660086
NEO22 _Patient_22_B_Rep1	0	0.020519019	0.002747	0.087672335	0	0.107068629	0	0.00438921	0	0.103883774	0	0.064490937	0	0.089633611	0.064167398	0.339920797	0.024078586	0	0.044869709	0.034120283	0	0.012438711
NEO22 _Patient_22_S_Rep1	0.00086688	0.027417711	0.002982162	0.121099256	0	0.112882528	0	0.012203682	0	0.126836143	0	0.073023685	0	0	0.121636656	0.271277847	0.008212964	0	0.064454453	0.041325074	0	0.015780959
NEO27 _Patient_27_B_Rep1	0	0.02018076	0.006006307	0.089441973	0	0.080732519	0	0	0	0.070220328	0	0.098493839	0	0.03745732	0.059313898	0.332808615	0.015273662	0	0.166330561	0	0	0.023740219
NEO27 _Patient_27_S_Rep1	0.012757666	0.072966014	0	0.119896179	0	0.124779188	0.047331737	0	0	0.107618113	0	0.043819768	0	0	0.132326449	0.253127014	0.022198158	0	0.041909037	0	0	0.021270676
NEO3 _Patient_3_B_Rep1	0.005644608	0.000216857	0.003025694	0.112628925	0	0.132053377	0	0.005640073	0	0.109891152	0	0.069529712	0	0	0.073509134	0.290844139	0.014272641	0.000711258	0.14734552	0.013379117	0.007394175	0.013913617
NEO3 _Patient_3_S_Rep1	0	0.011650067	0.005146444	0.232026743	0	0	0.177188926	0.00130102	0	0.153097349	0	0.105745324	0	0.01666608	0.081365017	0.186558744	0.004859902	0	0	0.014587151	0	0.009807234
NEO33 _Patient_33_B_Rep1	0.034098767	0.04450794	0	0.091184422	0	0.125064679	0.000400215	0.065699434	0.001164703	0.047915674	0	0.114515507	0.001029681	0.036801813	0.12700139	0.227087345	0.018457593	0	0	0.037732614	0	0.027338222
NEO33 _Patient_33_S_Rep1	0.004151549	0.177265547	0.015851369	0.076345116	0.013231789	0	0	0.075455255	0.034141907	0.085024849	0	0.135597292	0	0.005760663	0.056407106	0.248320515	0.004709338	0.013948174	0	0.037976117	0	0.015813415
NEO34 _Patient_34_B_Rep1	0.009495057	0.031841012	0.005772933	0.076014417	0	0.06765822	0	0.073050045	0	0.039795887	0	0.110965151	0.005544422	0.000284498	0.17805623	0.273894525	0.016004123	0	0.085644613	0	0	0.025978867
NEO34 _Patient_34_S_Rep1	0	0.050400914	0.000307283	0.098730276	0	0.106231012	0	0.006602555	0	0.000330628	0.02120571	0.047536496	0.005091953	0	0.081778216	0.286372631	0.039157991	0	0.223120559	0	0	0.033133776
NEO42 _Patient_42_B_Rep1	0.011004023	0.024038877	0.002209889	0.050356075	0	0.186539933	0.00525223	0.015697074	0	0.008307672	0.009871831	0.003517043	0	0.295787016	0.049671511	0.222255676	0.017717609	0	0.090380146	0	0	0.007393394
NEO42 _Patient_42_S_Rep1	0.006819351	0.045518535	0.002113394	0.113910389	0.001945263	0.169936665	0.051425757	0	0	0.005233303	0	0.058920578	0	0.071317396	0.161607489	0.228125731	0.034022273	0	0	0.034529641	0	0.014574233
NEO43 _Patient_43_B_Rep1	0	0.033055536	0.022706209	0.185724755	0.173502788	0	0.012325308	0.120536992	0	0.090336673	0.028569531	0	0.038505258	0.005132808	0.02010467	0.064600261	0.13980531	0.009746655	0.005045706	0.011989428	0.03533983	0.002972282
NEO43 _Patient_43_S_Rep1	0.00087685	0.03694582	0.020549577	0.122891403	0	0.146744007	0.043143717	0.009314841	0	0.055733133	0	0.062111383	0	0.031575833	0.118917051	0.280769067	0.009525974	0	0.026986151	0.007712817	0.007575096	0.018627279
NEO45 _Patient_45_B_Rep1	0	0.010600181	0.00234523	0.055301377	0	0.112557931	0	0	0.001686709	0	0	0.071807738	0.01249979	0.34282198	0.070962641	0.180916836	0	0	0	0.123200443	0	0.015299144
NEO45 _Patient_45_S_Rep1	0	0.025391745	0.011181455	0.137713439	0	0.231157667	0.052455379	0	0	0	0	0.058470459	0.001502503	0.040529965	0.124270356	0.245420891	0	0.043062196	0.016597236	0	0	0.01224671
NEO46 _Patient_46_B_Rep1	0	0.029963248	0.00525635	0.152081633	0	0.273599331	0	0	0	0	0	0.022992575	0	0.014135409	0.041147142	0.391578402	0.021892619	0	0.026960385	0	0	0.020392906
NEO46 _Patient_46_S_Rep1	0	0.009679598	0.002141614	0.04348182	0	0.120246336	0	0.006276466	0	0	0	0.052251161	0	0.428912242	0.096851153	0.148131284	0	0.001162093	0	0.072325988	0	0.018540246
NEO47 _Patient_47_B_Rep1	0	0.191351353	0	0.204175871	0	0.065407244	0.032483268	0	0	0.156203683	0	0.096515947	0	0.010344895	0.045585969	0.147754151	0.029659823	0	0	0.015586106	0	0.004931691
NEO47 _Patient_47_S_Rep1	0	0.064987627	0	0.142723731	0	0.192143578	0.026388086	0	0	0.090114028	0	0.072464929	0.001527685	0.015068916	0.103151199	0.21577616	0.010093536	0.005071347	0.052674282	0	0	0.007814897
NEO49 _Patient_49_B_Rep1	0	0.081569709	0	0.162159466	0	0	0.046488244	0	0	0.058250801	0	0.111598496	0	0.115127192	0.123286894	0.237074535	0.033862202	0	0.003742761	0.009164215	0	0.017675484
NEO49 _Patient_49_S_Rep1	0	0.028714665	0.003752714	0.071285532	0	0.046880783	0.032505419	0.017323883	0	0.046069814	0	0.106127508	0	0	0.12111435	0.314668588	0.080910329	0.000812706	0	0.10077569	0.002591071	0.026466947
NEO51 _Patient_51_B_Rep1	0	0.03749864	0.001534803	0.081222945	0	0.144149323	0.058739836	0	0	0.017108714	0	0.047998396	0.003692893	0.050514917	0.102913163	0.364773045	0.02220933	0	0.023818733	0.030695511	0	0.013129751
NEO51 _Patient_51_S_Rep1	0	0.056946156	0	0.229187105	0.006159072	0.022109348	0.093124975	0	0	0.024081812	0	0.088497211	0	0.122946944	0.072535329	0.180619824	0.022889576	0	0.079238564	0	0	0.001664083
NEO8 _Patient_8_B_Rep1	0	0.036059108	0.002705315	0.139388978	0	0.226315761	0	0	0	0.009667898	0.00732865	0.060591784	0.044369533	0	0.059167538	0.209575379	0.040772186	0	0.105411273	0.046153112	0	0.012493484
NEO8 _Patient_8_S_Rep1	0	0.084704495	0.001338797	0.093653093	0	0.156882386	0.049478375	0	0	0.020842632	0.014669143	0.024464955	0	0.024776224	0.082648285	0.209075513	0.02423863	0	0.196783919	0	0	0.016443554
